# Accuracy Data for Pauli String: x
0.805664 0.833984 0.777344 0.750977
0.782227 0.838867 0.769531 0.791992
0.808594 0.811523 0.764648 0.782227
0.829102 0.833984 0.770508 0.747070
0.844727 0.811523 0.773438 0.776367
0.845703 0.816406 0.774414 0.786133
0.833008 0.834961 0.766602 0.770508
0.834961 0.837891 0.752930 0.763672
0.814453 0.819336 0.785156 0.750977
0.840820 0.816406 0.790039 0.756836
0.810547 0.837891 0.761719 0.766602
0.835938 0.821289 0.788086 0.759766
0.844727 0.825195 0.783203 0.759766
0.838867 0.824219 0.781250 0.761719
0.793945 0.834961 0.781250 0.761719
0.838867 0.804688 0.795898 0.767578
0.817383 0.796875 0.778320 0.782227
0.848633 0.820312 0.774414 0.759766
0.834961 0.853516 0.787109 0.748047
0.814453 0.833008 0.780273 0.770508
0.827148 0.840820 0.791992 0.741211
0.834961 0.841797 0.794922 0.769531
0.830078 0.818359 0.783203 0.731445
0.844727 0.843750 0.776367 0.760742
0.835938 0.844727 0.791016 0.755859
0.839844 0.830078 0.778320 0.756836
0.822266 0.822266 0.764648 0.751953
0.832031 0.832031 0.792969 0.785156
0.809570 0.834961 0.759766 0.750000
0.846680 0.856445 0.763672 0.757812
0.841797 0.831055 0.760742 0.769531
0.835938 0.830078 0.765625 0.770508
0.827148 0.819336 0.796875 0.755859
0.810547 0.818359 0.770508 0.755859
0.832031 0.825195 0.769531 0.754883
0.816406 0.836914 0.789062 0.752930
0.792969 0.834961 0.784180 0.760742
0.827148 0.829102 0.782227 0.762695
0.829102 0.835938 0.772461 0.775391
0.833008 0.820312 0.777344 0.739258
0.817383 0.810547 0.767578 0.743164
0.846680 0.817383 0.752930 0.781250
0.837891 0.833008 0.788086 0.750000
0.824219 0.834961 0.760742 0.762695
0.817383 0.822266 0.797852 0.771484
0.832031 0.818359 0.785156 0.757812
0.817383 0.830078 0.779297 0.759766
0.801758 0.819336 0.767578 0.755859
0.846680 0.827148 0.767578 0.772461
0.818359 0.828125 0.787109 0.776367
0.827148 0.822266 0.787109 0.745117
0.830078 0.817383 0.762695 0.774414
0.850586 0.821289 0.766602 0.756836
0.851562 0.823242 0.774414 0.765625
0.847656 0.826172 0.773438 0.765625
0.842773 0.825195 0.770508 0.769531
0.828125 0.833008 0.784180 0.758789
0.860352 0.827148 0.783203 0.779297
0.832031 0.839844 0.773438 0.750000
0.848633 0.831055 0.790039 0.740234
0.838867 0.825195 0.775391 0.764648
0.827148 0.833008 0.772461 0.769531
0.805664 0.809570 0.769531 0.787109
0.844727 0.813477 0.792969 0.776367
0.840820 0.821289 0.783203 0.768555
0.819336 0.786133 0.791992 0.766602
0.817383 0.818359 0.780273 0.759766
0.832031 0.831055 0.757812 0.791016
0.818359 0.798828 0.776367 0.762695
0.824219 0.854492 0.793945 0.753906
0.832031 0.829102 0.786133 0.753906
0.821289 0.849609 0.782227 0.765625
0.847656 0.835938 0.807617 0.758789
0.824219 0.829102 0.769531 0.749023
0.829102 0.826172 0.785156 0.761719
0.831055 0.818359 0.780273 0.758789
0.816406 0.827148 0.788086 0.753906
0.849609 0.832031 0.785156 0.752930
0.836914 0.814453 0.784180 0.743164
0.814453 0.833008 0.787109 0.751953
0.831055 0.825195 0.766602 0.765625
0.819336 0.842773 0.777344 0.796875
0.832031 0.840820 0.797852 0.762695
0.825195 0.799805 0.768555 0.781250
0.832031 0.813477 0.772461 0.784180
0.849609 0.825195 0.810547 0.750000
0.833984 0.841797 0.777344 0.776367
0.819336 0.834961 0.807617 0.770508
0.831055 0.830078 0.757812 0.756836
0.813477 0.841797 0.787109 0.773438
0.819336 0.838867 0.787109 0.769531
0.830078 0.833984 0.787109 0.775391
0.828125 0.825195 0.780273 0.757812
0.833984 0.840820 0.796875 0.736328
0.845703 0.838867 0.784180 0.762695
0.842773 0.810547 0.790039 0.778320
0.823242 0.840820 0.779297 0.765625
0.811523 0.820312 0.775391 0.782227
0.828125 0.854492 0.776367 0.765625
0.833984 0.842773 0.778320 0.781250
0.849609 0.831055 0.801758 0.776367
0.811523 0.829102 0.787109 0.760742
0.833008 0.838867 0.784180 0.762695
0.832031 0.843750 0.774414 0.754883
0.837891 0.836914 0.779297 0.759766
0.837891 0.828125 0.769531 0.764648
0.833008 0.828125 0.791016 0.752930
0.836914 0.828125 0.792969 0.744141
0.829102 0.822266 0.779297 0.767578
0.831055 0.830078 0.774414 0.757812
0.844727 0.833984 0.778320 0.770508
0.839844 0.816406 0.775391 0.791992
0.830078 0.824219 0.764648 0.769531
0.844727 0.820312 0.778320 0.777344
0.839844 0.850586 0.795898 0.754883
0.822266 0.834961 0.775391 0.771484
0.847656 0.814453 0.778320 0.767578
0.846680 0.845703 0.769531 0.746094
0.816406 0.823242 0.762695 0.769531
0.843750 0.837891 0.757812 0.780273
0.830078 0.814453 0.776367 0.781250
0.838867 0.832031 0.800781 0.754883
0.836914 0.824219 0.771484 0.752930
0.834961 0.811523 0.796875 0.760742
0.836914 0.827148 0.790039 0.780273
0.848633 0.838867 0.775391 0.769531
0.831055 0.819336 0.779297 0.761719
0.846680 0.846680 0.789062 0.766602
0.838867 0.819336 0.788086 0.747070
0.840820 0.839844 0.790039 0.747070
0.853516 0.827148 0.782227 0.746094
0.824219 0.830078 0.815430 0.764648
0.837891 0.828125 0.768555 0.786133
0.825195 0.831055 0.765625 0.766602
0.831055 0.848633 0.780273 0.778320
0.835938 0.842773 0.789062 0.770508
0.836914 0.836914 0.780273 0.770508
0.817383 0.839844 0.779297 0.747070
0.828125 0.835938 0.750000 0.741211
0.829102 0.832031 0.791992 0.774414
0.808594 0.849609 0.746094 0.755859
0.833008 0.825195 0.772461 0.772461
0.808594 0.804688 0.788086 0.750000
0.845703 0.820312 0.778320 0.756836
0.852539 0.829102 0.791992 0.754883
0.852539 0.839844 0.763672 0.737305
0.849609 0.836914 0.770508 0.771484
0.824219 0.828125 0.774414 0.743164
0.839844 0.829102 0.761719 0.780273
0.815430 0.830078 0.778320 0.775391
0.841797 0.822266 0.782227 0.764648
0.830078 0.832031 0.767578 0.763672
0.833984 0.823242 0.800781 0.750977
0.838867 0.832031 0.767578 0.764648
0.833984 0.848633 0.759766 0.776367
0.824219 0.837891 0.758789 0.752930
0.821289 0.827148 0.762695 0.777344
0.834961 0.826172 0.762695 0.786133
0.820312 0.813477 0.787109 0.749023
0.850586 0.834961 0.765625 0.781250
0.840820 0.824219 0.797852 0.773438
0.814453 0.832031 0.780273 0.773438
0.864258 0.813477 0.776367 0.759766
0.830078 0.858398 0.788086 0.750977
0.842773 0.834961 0.786133 0.747070
0.840820 0.827148 0.781250 0.763672
0.840820 0.828125 0.780273 0.779297
0.828125 0.807617 0.797852 0.806641
0.845703 0.828125 0.775391 0.755859
0.836914 0.803711 0.778320 0.766602
0.827148 0.821289 0.778320 0.763672
0.831055 0.825195 0.780273 0.768555
0.833984 0.830078 0.772461 0.761719
0.821289 0.839844 0.759766 0.775391
0.830078 0.826172 0.764648 0.766602
0.833008 0.834961 0.791016 0.766602
0.809570 0.832031 0.776367 0.755859
0.853516 0.826172 0.786133 0.749023
0.817383 0.833984 0.790039 0.780273
0.827148 0.828125 0.767578 0.754883
0.855469 0.812500 0.774414 0.764648
0.825195 0.836914 0.774414 0.754883
0.854492 0.816406 0.787109 0.755859
0.824219 0.825195 0.791992 0.769531
0.817383 0.804688 0.757812 0.754883
0.811523 0.806641 0.780273 0.769531
0.815430 0.828125 0.770508 0.762695
0.846680 0.837891 0.781250 0.781250
0.820312 0.820312 0.779297 0.762695
0.842773 0.843750 0.770508 0.775391
0.821289 0.815430 0.773438 0.786133
0.833984 0.818359 0.789062 0.749023
0.812500 0.805664 0.789062 0.763672
0.843750 0.835938 0.749023 0.773438
0.850586 0.827148 0.785156 0.721680
0.828125 0.816406 0.763672 0.759766
0.832031 0.808594 0.788086 0.776367
0.833008 0.839844 0.786133 0.755859
0.841797 0.829102 0.768555 0.763672
0.848633 0.836914 0.791016 0.771484
0.838867 0.819336 0.755859 0.763672
0.820312 0.842773 0.741211 0.748047
0.822266 0.831055 0.764648 0.782227
0.820312 0.841797 0.759766 0.775391
0.818359 0.822266 0.761719 0.759766
0.821289 0.821289 0.752930 0.753906
0.826172 0.824219 0.795898 0.770508
0.817383 0.826172 0.780273 0.758789
0.855469 0.808594 0.793945 0.759766
0.837891 0.833984 0.781250 0.754883
0.856445 0.830078 0.801758 0.788086
0.819336 0.830078 0.798828 0.744141
0.834961 0.825195 0.759766 0.747070
0.803711 0.841797 0.791016 0.790039
0.835938 0.834961 0.765625 0.775391
0.820312 0.830078 0.767578 0.756836
0.846680 0.833008 0.771484 0.759766
0.818359 0.802734 0.767578 0.772461
0.827148 0.826172 0.811523 0.735352
0.814453 0.820312 0.784180 0.768555
0.825195 0.834961 0.782227 0.764648
0.823242 0.821289 0.777344 0.753906
0.841797 0.835938 0.760742 0.772461
0.841797 0.835938 0.785156 0.748047
0.839844 0.834961 0.780273 0.751953
0.840820 0.850586 0.752930 0.758789
0.841797 0.818359 0.791992 0.776367
0.844727 0.834961 0.768555 0.759766
0.829102 0.841797 0.774414 0.760742
0.828125 0.845703 0.791992 0.751953
0.829102 0.824219 0.780273 0.767578
0.815430 0.823242 0.772461 0.769531
0.846680 0.834961 0.782227 0.747070
0.822266 0.815430 0.782227 0.761719
0.848633 0.825195 0.776367 0.736328
0.837891 0.816406 0.792969 0.761719
0.849609 0.831055 0.770508 0.761719
0.835938 0.831055 0.785156 0.763672
0.849609 0.848633 0.787109 0.747070
0.833008 0.827148 0.772461 0.750977
0.832031 0.847656 0.782227 0.766602
0.824219 0.834961 0.791016 0.753906
0.829102 0.834961 0.781250 0.764648
0.831055 0.838867 0.774414 0.763672
0.839844 0.835938 0.791992 0.765625
0.842773 0.815430 0.786133 0.761719
0.825195 0.823242 0.804688 0.774414
0.828125 0.832031 0.767578 0.767578
0.825195 0.846680 0.785156 0.762695
0.846680 0.819336 0.779297 0.777344
0.818359 0.819336 0.774414 0.771484
0.823242 0.822266 0.788086 0.768555
0.819336 0.833008 0.748047 0.759766
0.841797 0.822266 0.778320 0.762695
0.821289 0.841797 0.795898 0.770508
0.824219 0.816406 0.782227 0.769531
0.833008 0.807617 0.763672 0.768555
0.841797 0.837891 0.779297 0.784180
0.830078 0.805664 0.782227 0.774414
0.839844 0.812500 0.766602 0.755859
0.833984 0.830078 0.788086 0.781250
0.855469 0.823242 0.806641 0.759766
0.829102 0.840820 0.782227 0.761719
0.828125 0.814453 0.779297 0.764648
0.817383 0.831055 0.786133 0.767578
0.831055 0.833984 0.775391 0.781250
0.839844 0.807617 0.799805 0.751953
0.827148 0.831055 0.783203 0.733398
0.818359 0.843750 0.808594 0.761719
0.831055 0.830078 0.784180 0.751953
0.827148 0.844727 0.808594 0.737305
0.843750 0.835938 0.787109 0.765625
0.840820 0.814453 0.780273 0.767578
0.827148 0.834961 0.778320 0.773438
0.817383 0.834961 0.778320 0.772461
0.822266 0.833008 0.770508 0.740234
0.816406 0.810547 0.783203 0.780273
0.833984 0.838867 0.799805 0.774414
0.842773 0.805664 0.791992 0.777344
0.810547 0.827148 0.783203 0.771484
0.840820 0.833008 0.789062 0.768555
0.829102 0.819336 0.792969 0.754883
0.818359 0.843750 0.758789 0.758789
0.833008 0.829102 0.768555 0.738281
0.851562 0.819336 0.764648 0.775391
0.819336 0.847656 0.801758 0.760742
0.826172 0.840820 0.776367 0.767578
0.829102 0.840820 0.756836 0.765625
0.823242 0.844727 0.780273 0.783203
0.833008 0.828125 0.786133 0.765625
0.834961 0.829102 0.776367 0.747070
0.838867 0.809570 0.773438 0.757812
0.833984 0.825195 0.770508 0.762695
0.838867 0.835938 0.777344 0.759766
0.834961 0.822266 0.774414 0.770508
0.833008 0.808594 0.772461 0.759766
0.849609 0.833008 0.766602 0.755859
0.842773 0.833984 0.767578 0.766602
0.849609 0.830078 0.783203 0.778320
0.831055 0.816406 0.779297 0.754883
