# Accuracy Data for Pauli String: x
0.833984 0.819336 0.853516 0.823242 0.817383 0.840820 0.837891 0.789062 0.757812
0.845703 0.837891 0.836914 0.823242 0.834961 0.841797 0.835938 0.764648 0.776367
0.842773 0.823242 0.825195 0.809570 0.825195 0.827148 0.829102 0.782227 0.745117
0.838867 0.830078 0.847656 0.831055 0.828125 0.849609 0.837891 0.785156 0.755859
0.846680 0.843750 0.826172 0.849609 0.848633 0.830078 0.821289 0.790039 0.756836
0.852539 0.810547 0.843750 0.838867 0.817383 0.836914 0.829102 0.787109 0.761719
0.846680 0.836914 0.814453 0.829102 0.832031 0.833984 0.829102 0.787109 0.759766
0.841797 0.811523 0.840820 0.833008 0.824219 0.827148 0.837891 0.796875 0.758789
0.853516 0.856445 0.849609 0.841797 0.821289 0.832031 0.815430 0.769531 0.788086
0.842773 0.828125 0.829102 0.832031 0.835938 0.833008 0.817383 0.797852 0.789062
